IMP 2
50,0 50,1 50,2
SUC 50 2
INF
IMP 3
50,0 50,1
IMP 2
50,0 50,1 50,2
IMP 4
50,0
IMP 2
50,0 50,1 50,2
IMP 5

IMP 2
50,0 50,1 50,2
IMP 10
10,0 20,1 30,2 40,3 50,4
SUC 35 10
40
SUC 50 10
INF
IMP 11
10,0 20,1 40,2 50,3
IMP 10
10,0 20,1 30,2 40,3 50,4
SUC 30 11
40
SUC 30 10
40
IMP 15
10,0 20,1 40,2 50,3 100,4 300,5
IMP 14
10,0 20,1 40,2 50,3 100,4 200,5 300,6
SUC 200 14
300
SUC 200 15
300
SUC 150 15
300
IMP 17
10,0 20,1 40,2 50,3
IMP 15
10,0 20,1 40,2 50,3 100,4 300,5
IMP 24
10,0 20,1 20,4 30,3 40,2 40,4 50,3 50,4 60,6 70,5 80,6
IMP 23
10,0 20,1 20,4 30,3 40,2 40,4 50,3 50,4 60,6 70,5
SUC 39 24
40
SUC 40 24
50
SUC 80 24
INF
SUC 80 23
INF
